CH3 3.75 98.0
0.1 28.0 28.0 0
44 14.916 14.916 2.4595
3.4 28.0
C   14.781224634762     8.869435899814      0.000000000000
C   14.882230020493     8.166928031101      1.229756073374
C   14.086935109222    10.875453681938      1.229756073374
C   14.381768410313    10.229858825919      2.459512146748
C   12.855608655242    12.604609675827      0.000000000000
C   13.320384229759    12.068230091127      1.229756073374
C   11.187000024658    13.916817938800      1.229756073374
C   11.784064517600    13.533107911801      2.459512146748
C    9.216289972595    14.705771155516      0.000000000000
C    9.897272766948    14.505816592313      1.229756073374
C    7.103133716031    14.907553024911      1.229756073374
C    7.812865632709    14.907553055935      2.459512146748
C    5.018726616912    14.505816379065      0.000000000000
C    5.699709393785    14.705771001802      1.229756073374
C    3.131934951297    13.533107533604      1.229756073374
C    3.728999410694    13.916817612800      2.459512146748
C    1.595615367201    12.068229578621      0.000000000000
C    2.060390894827    12.604609203953      1.229756073374
C    0.534231347364    10.229858220623      1.229756073374
C    0.829064592015    10.875453102418      2.459512146748
C    0.033769917531     8.166927382054      0.000000000000
C    0.134775241847     8.869435259598      1.229756073374
C    0.134775488630     6.046563459969      1.229756073374
C    0.033770041484     6.749071319853      2.459512146748
C    0.829065189542     4.040545738542      0.000000000000
C    0.534231832011     4.686140568786      1.229756073374
C    2.060391794689     2.311389852299      1.229756073374
C    1.595616173280     2.847769396367      2.459512146748
C    3.729000539990     0.999181735201      0.000000000000
C    3.131936013503     1.382891710003      1.229756073374
C    5.699710661026     0.210228690769      1.229756073374
C    5.018727849191     0.410183194439      2.459512146748
C    7.812866935230     0.008447006112      0.000000000000
C    7.103135018552     0.008446913042      1.229756073374
C    9.897273999228     0.410183834183      1.229756073374
C    9.216291239835     0.210229151913      2.459512146748
C   11.784065579806     1.382892844592      0.000000000000
C   11.187001153954     0.999182713199      1.229756073374
C   13.320385035838     2.847770933885      1.229756073374
C   12.855609555104     2.311391267921      2.459512146748
C   14.381768894960     4.686142384672      0.000000000000
C   14.086935706748     4.040547477102      1.229756073374
C   14.882230144445     6.749073266993      1.229756073374
C   14.781224881545     6.046565380619      2.459512146748
C   14.781224634762     8.869435899814      2.459512146748
C   14.882230020493     8.166928031101      3.689268220122
C   14.086935109222    10.875453681938      3.689268220122
C   14.381768410313    10.229858825919      4.919024293496
C   12.855608655242    12.604609675827      2.459512146748
C   13.320384229759    12.068230091127      3.689268220122
C   11.187000024658    13.916817938800      3.689268220122
C   11.784064517600    13.533107911801      4.919024293496
C    9.216289972595    14.705771155516      2.459512146748
C    9.897272766948    14.505816592313      3.689268220122
C    7.103133716031    14.907553024911      3.689268220122
C    7.812865632709    14.907553055935      4.919024293496
C    5.018726616912    14.505816379065      2.459512146748
C    5.699709393785    14.705771001802      3.689268220122
C    3.131934951297    13.533107533604      3.689268220122
C    3.728999410694    13.916817612800      4.919024293496
C    1.595615367201    12.068229578621      2.459512146748
C    2.060390894827    12.604609203953      3.689268220122
C    0.534231347364    10.229858220623      3.689268220122
C    0.829064592015    10.875453102418      4.919024293496
C    0.033769917531     8.166927382054      2.459512146748
C    0.134775241847     8.869435259598      3.689268220122
C    0.134775488630     6.046563459969      3.689268220122
C    0.033770041484     6.749071319853      4.919024293496
C    0.829065189542     4.040545738542      2.459512146748
C    0.534231832011     4.686140568786      3.689268220122
C    2.060391794689     2.311389852299      3.689268220122
C    1.595616173280     2.847769396367      4.919024293496
C    3.729000539990     0.999181735201      2.459512146748
C    3.131936013503     1.382891710003      3.689268220122
C    5.699710661026     0.210228690769      3.689268220122
C    5.018727849191     0.410183194439      4.919024293496
C    7.812866935230     0.008447006112      2.459512146748
C    7.103135018552     0.008446913042      3.689268220122
C    9.897273999228     0.410183834183      3.689268220122
C    9.216291239835     0.210229151913      4.919024293496
C   11.784065579806     1.382892844592      2.459512146748
C   11.187001153954     0.999182713199      3.689268220122
C   13.320385035838     2.847770933885      3.689268220122
C   12.855609555104     2.311391267921      4.919024293496
C   14.381768894960     4.686142384672      2.459512146748
C   14.086935706748     4.040547477102      3.689268220122
C   14.882230144445     6.749073266993      3.689268220122
C   14.781224881545     6.046565380619      4.919024293496
